
-0.0625 -0.0625 -0.0625 -0.0625 -0.0625 -0.0625 -0.0625 -0.0625 -0.0625 -0.0625 -0.0625 -0.0625 -0.0625 -0.0625 -0.0625 -0.0625 -0.0625 -0.0625 -0.0625 -0.0625 -0.0625 -0.0625 -0.0625 -0.0625 -0.0625 -0.0625 -0.0625 -0.0625 -0.0625 -0.0625 -0.0625 -0.0625
-0.0625 -0.0625 -0.0625 -0.0625 -0.0625 -0.0625 -0.0625 -0.0625 -0.0625 -0.0625 -0.0625 -0.0625 -0.0625 -0.0625 -0.0625 -0.0625 -0.0625 -0.0625 -0.0625 -0.0625 -0.0625 -0.0625 -0.0625 -0.0625 -0.0625 -0.0625 -0.0625 -0.0625 -0.0625 -0.0625 -0.0625 -0.0625
-0.0625 -0.0625 -0.0625 -0.0625 -0.0625 -0.0625 -0.0625 -0.0625 -0.0625 -0.0625 -0.0625 -0.0625 -0.0625 -0.0625 -0.0625 -0.0625 -0.0625 -0.0625 -0.0625 -0.0625 -0.0625 -0.0625 -0.0625 -0.0625 -0.0625 -0.0625 -0.0625 -0.0625 -0.0625 -0.0625 -0.0625 -0.0625
-0.0625 -0.0625 -0.0625 -0.0625 -0.0625 -0.0625 -0.0625 -0.0625 -0.0625 -0.0625 -0.0625 -0.0625 -0.0625 -0.0625 -0.0625 -0.0625 -0.0625 -0.0625 -0.0625 -0.0625 -0.0625 -0.0625 -0.0625 -0.0625 -0.0625 -0.0625 -0.0625 -0.0625 -0.0625 -0.0625 -0.0625 -0.0625
-0.0625 -0.0625 -0.0625 -0.0625 -0.0625 -0.0625 -0.0625 -0.0625 -0.0625 -0.0625 -0.0625 -0.0625 -0.0625 -0.0625 -0.0625 -0.0625 -0.0625 -0.0625 -0.0625 -0.0625 -0.0625 -0.0625 -0.0625 -0.0625 -0.0625 -0.0625 -0.0625 -0.0625 -0.0625 -0.0625 -0.0625 -0.0625
-0.0625 -0.0625 -0.0625 -0.0625 -0.0625 -0.0625 -0.0625 -0.0625 -0.0625 -0.0625 -0.0625 -0.0625 -0.0625 -0.0625 -0.0625 -0.0625 -0.0625 -0.0625 -0.0625 -0.0625 -0.0625 -0.0625 -0.0625 -0.0625 -0.0625 -0.0625 -0.0625 -0.0625 -0.0625 -0.0625 -0.0625 -0.0625
-0.0625 -0.0625 -0.0625 -0.0625 -0.0625 -0.0625 -0.0625 -0.0625 -0.0625 -0.0625 -0.0625 -0.0625 -0.0625 -0.0625 -0.0625 -0.0625 -0.0625 -0.0625 -0.0625 -0.0625 -0.0625 -0.0625 -0.0625 -0.0625 -0.0625 -0.0625 -0.0625 -0.0625 -0.0625 -0.0625 -0.0625 -0.0625
-0.0625 -0.0625 -0.0625 -0.0625 -0.0625 -0.0625 -0.0625 -0.0625 -0.0625 -0.0625 -0.0625 -0.0625 -0.0625 -0.0625 -0.0625 -0.0625 -0.0625 -0.0625 -0.0625 -0.0625 -0.0625 -0.0625 -0.0625 -0.0625 -0.0625 -0.0625 -0.0625 -0.0625 -0.0625 -0.0625 -0.0625 -0.0625
-0.0625 -0.0625 -0.0625 -0.0625 -0.0625 -0.0625 -0.0625 -0.0625 -0.0625 -0.0625 -0.0625 -0.0625 -0.0625 -0.0625 -0.0625 -0.0625 -0.0625 -0.0625 -0.0625 -0.0625 -0.0625 -0.0625 -0.0625 -0.0625 -0.0625 -0.0625 -0.0625 -0.0625 -0.0625 -0.0625 -0.0625 -0.0625
-0.0625 -0.0625 -0.0625 -0.0625 -0.0625 -0.0625 -0.0625 -0.0625 -0.0625 -0.0625 -0.0625 -0.0625 -0.0625 -0.0625 -0.0625 -0.0625 -0.0625 -0.0625 -0.0625 -0.0625 -0.0625 -0.0625 -0.0625 -0.0625 -0.0625 -0.0625 -0.0625 -0.0625 -0.0625 -0.0625 -0.0625 -0.0625
-0.0625 -0.0625 -0.0625 -0.0625 -0.0625 -0.0625 -0.0625 -0.0625 -0.0625 -0.0625 -0.0625 -0.0625 -0.0625 -0.0625 -0.0625 -0.0625 -0.0625 -0.0625 -0.0625 -0.0625 -0.0625 -0.0625 -0.0625 -0.0625 -0.0625 -0.0625 -0.0625 -0.0625 -0.0625 -0.0625 -0.0625 -0.0625
-0.0625 -0.0625 -0.0625 -0.0625 -0.0625 -0.0625 -0.0625 -0.0625 -0.0625 -0.0625 -0.0625 -0.0625 -0.0625 -0.0625 -0.0625 -0.0625 -0.0625 -0.0625 -0.0625 -0.0625 -0.0625 -0.0625 -0.0625 -0.0625 -0.0625 -0.0625 -0.0625 -0.0625 -0.0625 -0.0625 -0.0625 -0.0625
-0.0625 -0.0625 -0.0625 -0.0625 -0.0625 -0.0625 -0.0625 -0.0625 -0.0625 -0.0625 -0.0625 -0.0625 -0.0625 -0.0625 -0.0625 -0.0625 -0.0625 -0.0625 -0.0625 -0.0625 -0.0625 -0.0625 -0.0625 -0.0625 -0.0625 -0.0625 -0.0625 -0.0625 -0.0625 -0.0625 -0.0625 -0.0625
-0.0625 -0.0625 -0.0625 -0.0625 -0.0625 -0.0625 -0.0625 -0.0625 -0.0625 -0.0625 -0.0625 -0.0625 -0.0625 -0.0625 -0.0625 -0.0625 -0.0625 -0.0625 -0.0625 -0.0625 -0.0625 -0.0625 -0.0625 -0.0625 -0.0625 -0.0625 -0.0625 -0.0625 -0.0625 -0.0625 -0.0625 -0.0625
-0.0625 -0.0625 -0.0625 -0.0625 -0.0625 -0.0625 -0.0625 -0.0625 -0.0625 -0.0625 -0.0625 -0.0625 -0.0625 -0.0625 -0.0625 -0.0625 -0.0625 -0.0625 -0.0625 -0.0625 -0.0625 -0.0625 -0.0625 -0.0625 -0.0625 -0.0625 -0.0625 -0.0625 -0.0625 -0.0625 -0.0625 -0.0625
-0.0625 -0.0625 -0.0625 -0.0625 -0.0625 -0.0625 -0.0625 -0.0625 -0.0625 -0.0625 -0.0625 -0.0625 -0.0625 -0.0625 -0.0625 -0.0625 -0.0625 -0.0625 -0.0625 -0.0625 -0.0625 -0.0625 -0.0625 -0.0625 -0.0625 -0.0625 -0.0625 -0.0625 -0.0625 -0.0625 -0.0625 -0.0625
-0.0625 -0.0625 -0.0625 -0.0625 -0.0625 -0.0625 -0.0625 -0.0625 -0.0625 -0.0625 -0.0625 -0.0625 -0.0625 -0.0625 -0.0625 -0.0625 -0.0625 -0.0625 -0.0625 -0.0625 -0.0625 -0.0625 -0.0625 -0.0625 -0.0625 -0.0625 -0.0625 -0.0625 -0.0625 -0.0625 -0.0625 -0.0625
-0.0625 -0.0625 -0.0625 -0.0625 -0.0625 -0.0625 -0.0625 -0.0625 -0.0625 -0.0625 -0.0625 -0.0625 -0.0625 -0.0625 -0.0625 -0.0625 -0.0625 -0.0625 -0.0625 -0.0625 -0.0625 -0.0625 -0.0625 -0.0625 -0.0625 -0.0625 -0.0625 -0.0625 -0.0625 -0.0625 -0.0625 -0.0625
-0.0625 -0.0625 -0.0625 -0.0625 -0.0625 -0.0625 -0.0625 -0.0625 -0.0625 -0.0625 -0.0625 -0.0625 -0.0625 -0.0625 -0.0625 -0.0625 -0.0625 -0.0625 -0.0625 -0.0625 -0.0625 -0.0625 -0.0625 -0.0625 -0.0625 -0.0625 -0.0625 -0.0625 -0.0625 -0.0625 -0.0625 -0.0625
-0.0625 -0.0625 -0.0625 -0.0625 -0.0625 -0.0625 -0.0625 -0.0625 -0.0625 -0.0625 -0.0625 -0.0625 -0.0625 -0.0625 -0.0625 -0.0625 -0.0625 -0.0625 -0.0625 -0.0625 -0.0625 -0.0625 -0.0625 -0.0625 -0.0625 -0.0625 -0.0625 -0.0625 -0.0625 -0.0625 -0.0625 -0.0625
-0.0625 -0.0625 -0.0625 -0.0625 -0.0625 -0.0625 -0.0625 -0.0625 -0.0625 -0.0625 -0.0625 -0.0625 -0.0625 -0.0625 -0.0625 -0.0625 0.0625 -0.0625 0.1875 0.1875 0.1875 0.0625 0.6875 0.6875 0.1875 0.3125 0.8125 0.3125 0.3125 0.3125 0.4375 -0.5625
0.0625 0.0625 0.0625 -0.1875 -0.0625 -0.0625 -0.0625 -0.0625 -0.0625 -0.0625 -0.0625 -0.0625 -0.0625 -0.0625 -0.0625 -0.0625 -0.0625 -0.0625 -0.0625 -0.0625 -0.0625 -0.0625 -0.0625 -0.0625 -0.0625 -0.0625 -0.0625 -0.0625 -0.0625 -0.0625 -0.0625 -0.0625
-0.0625 -0.0625 -0.0625 -0.0625 -0.0625 -0.0625 -0.0625 -0.0625 -0.0625 -0.0625 -0.0625 -0.0625 -0.0625 -0.0625 -0.0625 -0.0625 -0.0625 -0.0625 -0.0625 -0.0625 -0.0625 -0.0625 -0.0625 -0.0625 -0.0625 -0.0625 -0.0625 -0.0625 -0.0625 -0.0625 -0.0625 -0.0625
-0.0625 -0.0625 -0.0625 -0.0625 -0.0625 -0.0625 -0.0625 -0.0625 -0.0625 -0.0625 -0.0625 -0.0625 -0.0625 -0.0625 -0.0625 -0.0625 -0.0625 -0.0625 -0.0625 -0.0625 -0.0625 -0.0625 -0.0625 -0.0625 -0.0625 -0.0625 -0.0625 -0.0625 -0.0625 -0.0625 -0.0625 -0.0625
-0.0625 -0.0625 -0.0625 -0.0625 -0.0625 -0.0625 -0.0625 -0.0625 -0.0625 -0.0625 -0.0625 -0.0625 -0.0625 -0.0625 -0.0625 -0.0625 -0.0625 -0.0625 -0.0625 -0.0625 -0.0625 -0.0625 -0.0625 -0.0625 0.1875 -0.0625 0.6875 0.5625 0.5625 0.0625 2.0625 1.4375
1.1875 0.6875 2.0625 0.3125 1.0625 0.8125 1.0625 -0.9375 0.3125 0.1875 0.1875 -0.5625 -0.0625 -0.0625 -0.0625 -0.0625 -0.0625 -0.0625 -0.0625 -0.0625 -0.0625 -0.0625 -0.0625 -0.0625 -0.0625 -0.0625 -0.0625 -0.0625 -0.0625 -0.0625 -0.0625 -0.0625
-0.0625 -0.0625 -0.0625 -0.0625 -0.0625 -0.0625 -0.0625 -0.0625 -0.0625 -0.0625 -0.0625 -0.0625 -0.0625 -0.0625 -0.0625 -0.0625 -0.0625 -0.0625 -0.0625 -0.0625 -0.0625 -0.0625 -0.0625 -0.0625 -0.0625 -0.0625 -0.0625 -0.0625 -0.0625 -0.0625 -0.0625 -0.0625
-0.0625 -0.0625 -0.0625 -0.0625 -0.0625 -0.0625 -0.0625 -0.0625 -0.0625 -0.0625 -0.0625 -0.0625 -0.0625 -0.0625 -0.0625 -0.0625 -0.0625 -0.0625 -0.0625 -0.0625 -0.0625 -0.0625 -0.0625 -0.0625 -0.0625 -0.0625 -0.0625 -0.0625 -0.0625 -0.0625 -0.0625 -0.0625
